001 checkboard

The projection error from the calibration is:  0.1165736300192151
intrinsic_matrix [[735.320751     0.         307.82628568]
 [  0.         732.90725684 272.73279961]
 [  0.           0.           1.        ]]
joint [  2.73490906 -25.12710571  29.33555603   1.21192932   4.97268677
   7.74536133]
[[-9.99950221e-01 -7.72580262e-04  9.94776857e-03  6.10996075e-01]
 [-6.57414990e-04  9.99932791e-01  1.15750655e-02 -1.63034952e-01]
 [-9.95604266e-03  1.15679495e-02 -9.99883523e-01  2.76977210e-01]
 [ 0.00000000e+00  0.00000000e+00  0.00000000e+00  1.00000000e+00]]
T_base2EE [[-0.99936613  0.01920395  0.02997583  0.63100555]
 [ 0.020149    0.99929906  0.03155001 -0.14301659]
 [-0.02934894  0.03213399 -0.99905257  0.27699273]
 [ 0.          0.          0.          1.        ]]
Method: 0
The results for method 0 are:
R_cam2gripper: [[ 0.0415286  -0.98731562  0.15324242]
 [ 0.98576063  0.01547446 -0.16744108]
 [ 0.16294585  0.15801394  0.9738995 ]]
t_cam2gripper: [[-0.00459586]
 [ 0.18831913]
 [ 0.15772726]]
Method: 1
The results for method 1 are:
R_cam2gripper: [[-0.0660596  -0.95999056  0.2721291 ]
 [ 0.97599834 -0.11888474 -0.18246551]
 [ 0.20751717  0.25354396  0.94480268]]
t_cam2gripper: [[-0.01046059]
 [ 0.16354738]
 [ 0.16174273]]
Method: 2
The results for method 2 are:
R_cam2gripper: [[-0.06603961 -0.96000867  0.27207005]
 [ 0.97600027 -0.11885386 -0.1824753 ]
 [ 0.20751444  0.25348985  0.94481779]]
t_cam2gripper: [[-0.01045767]
 [ 0.16355065]
 [ 0.16174288]]
Method: 3
The results for method 3 are:
R_cam2gripper: [[-0.08271441 -0.99108727  0.10442386]
 [ 0.97438439 -0.10241567 -0.20021509]
 [ 0.20912527  0.08518831  0.97417122]]
t_cam2gripper: [[ 0.03432787]
 [-0.0817398 ]
 [ 0.0985855 ]]
Method: 4
The results for method 4 are:
R_cam2gripper: [[-0.06128939 -0.99156152  0.11423381]
 [ 0.97891556 -0.08205797 -0.18705831]
 [ 0.19485361  0.10036057  0.97568429]]
t_cam2gripper: [[-0.04451843]
 [ 0.50749594]
 [ 0.24149311]]
The results for method using calibrateRobotWorldHandEye 4 are:
R_cam2gripper: [[-0.06748089 -0.96177616  0.26539207]
 [ 0.97633412 -0.11843505 -0.18095532]
 [ 0.20547023  0.24690031  0.94700698]]
t_cam2gripper: [[-0.01791847]
 [-0.12859124]
 [-0.00142724]]
The results for method using calibrateRobotWorldHandEye 5 are:
R_cam2gripper: [[-0.1168252  -0.98526165  0.12494537]
 [ 0.96593549 -0.14197152 -0.21636245]
 [ 0.23091231  0.09541258  0.96828505]]
t_cam2gripper: [[ 0.04714422]
 [-0.19086512]
 [-0.00099355]]

 002  charuco_use

intrinsic_matrix [[758.377   0.    319.42 ]
 [  0.    758.59  226.155]
 [  0.      0.      1.   ]]
joint [  2.735 -25.127  29.336   1.212   4.973   7.745]
[[-1.    -0.001  0.01   0.611]
 [-0.001  1.     0.012 -0.163]
 [-0.01   0.012 -1.     0.277]
 [ 0.     0.     0.     1.   ]]
T_base2EE [[-0.999  0.029  0.04   0.641]
 [ 0.031  0.999  0.042 -0.133]
 [-0.039  0.043 -0.998  0.277]
 [ 0.     0.     0.     1.   ]]
Method: 0
The results for method 0 are:
R_cam2gripper: [[-0.188 -0.947  0.259]
 [ 0.967 -0.225 -0.119]
 [ 0.171  0.228  0.958]]
t_cam2gripper: [[-0.007]
 [ 0.083]
 [ 0.09 ]]
Method: 1
The results for method 1 are:
R_cam2gripper: [[-0.194 -0.961  0.199]
 [ 0.963 -0.226 -0.149]
 [ 0.188  0.163  0.969]]
t_cam2gripper: [[-0.012]
 [ 0.1  ]
 [ 0.084]]
Method: 2
The results for method 2 are:
R_cam2gripper: [[-0.194 -0.961  0.199]
 [ 0.963 -0.226 -0.149]
 [ 0.188  0.163  0.969]]
t_cam2gripper: [[-0.012]
 [ 0.099]
 [ 0.084]]
Method: 3
The results for method 3 are:
R_cam2gripper: [[-0.198 -0.978  0.069]
 [ 0.964 -0.207 -0.17 ]
 [ 0.18   0.033  0.983]]
t_cam2gripper: [[-0.005]
 [ 0.102]
 [ 0.061]]
Method: 4
The results for method 4 are:
R_cam2gripper: [[-0.195 -0.979  0.06 ]
 [ 0.966 -0.202 -0.162]
 [ 0.171  0.026  0.985]]
t_cam2gripper: [[-0.05 ]
 [ 0.211]
 [ 0.086]]
The results for method using calibrateRobotWorldHandEye 4 are:
R_cam2gripper: [[-0.194 -0.961  0.199]
 [ 0.963 -0.226 -0.149]
 [ 0.188  0.163  0.969]]
t_cam2gripper: [[ 0.015]
 [-0.029]
 [ 0.03 ]]
The results for method using calibrateRobotWorldHandEye 5 are:
R_cam2gripper: [[-0.206 -0.976  0.069]
 [ 0.961 -0.215 -0.172]
 [ 0.183  0.03   0.983]]
t_cam2gripper: [[0.019]
 [0.015]
 [0.012]]


 intrinsic_matrix [[800.9824513    0.         321.68465049]
 [  0.         800.20088847 230.59126429]
 [  0.           0.           1.        ]]
joint [  2.73490906 -25.12710571  29.33555603   1.21192932   4.97268677
   7.74536133]
[[-0.99975864  0.00918141  0.01995919  0.62100704]
 [ 0.00961179  0.99972103  0.02157486 -0.15300935]
 [-0.01975554  0.0217615  -0.99956798  0.27698061]
 [ 0.          0.          0.          1.        ]]
T_base2EE [[-0.99975864  0.00918141  0.01995919  0.62100704]
 [ 0.00961179  0.99972103  0.02157486 -0.15300935]
 [-0.01975554  0.0217615  -0.99956798  0.27698061]
 [ 0.          0.          0.          1.        ]]
Method: 0
The results for method 0 are:
R_cam2gripper: [[-0.28206797 -0.95492415  0.09250695]
 [ 0.94296218 -0.29371447 -0.15669759]
 [ 0.17680494  0.04303118  0.9833048 ]]
t_cam2gripper: [[0.00098886]
 [0.08959813]
 [0.08142633]]
Method: 1
The results for method 1 are:
R_cam2gripper: [[-0.28498621 -0.95521295  0.07969368]
 [ 0.93957132 -0.29483668 -0.17400308]
 [ 0.18970662  0.02528942  0.98151508]]
t_cam2gripper: [[0.00407156]
 [0.0804501 ]
 [0.07872256]]
Method: 2
The results for method 2 are:
R_cam2gripper: [[-0.28498655 -0.95521287  0.07969338]
 [ 0.93957145 -0.29483693 -0.17400195]
 [ 0.18970545  0.02528941  0.9815153 ]]
t_cam2gripper: [[0.00407143]
 [0.08045051]
 [0.07872268]]
Method: 3
The results for method 3 are:
R_cam2gripper: [[-0.28172572 -0.95847456  0.04423947]
 [ 0.94093182 -0.28500701 -0.18280675]
 [ 0.18782418 -0.00987504  0.98215302]]
t_cam2gripper: [[0.00244391]
 [0.09010415]
 [0.0771455 ]]
Method: 4
The results for method 4 are:
R_cam2gripper: [[-0.28070862 -0.95900563  0.03887004]
 [ 0.94146623 -0.28299905 -0.18317442]
 [ 0.18666549 -0.01482381  0.98231169]]
t_cam2gripper: [[-0.00174647]
 [ 0.08098412]
 [ 0.07962075]]
The results for method using calibrateRobotWorldHandEye 4 are:
R_cam2gripper: [[-0.28499039 -0.95521284  0.07968008]
 [ 0.93957804 -0.29483725 -0.17396582]
 [ 0.18966704  0.02528706  0.98152279]]
t_cam2gripper: [[0.01806193]
 [0.05484692]
 [0.05489231]]
The results for method using calibrateRobotWorldHandEye 5 are:
R_cam2gripper: [[-0.28149439 -0.95848885  0.04538764]
 [ 0.94094002 -0.28499588 -0.18278193]
 [ 0.18812973 -0.00874504  0.98210525]]
t_cam2gripper: [[0.0125038 ]
 [0.08301936]
 [0.05389318]]


real xyz

 intrinsic_matrix [[800.9824513    0.         321.68465049]
 [  0.         800.20088847 230.59126429]
 [  0.           0.           1.        ]]
joint [  2.73490906 -25.12710571  29.33555603   1.21192932   4.97268677
   7.74536133]
[[-0.00918037  0.99972901 -0.02139241  0.62101414]
 [ 0.9997577   0.0087484  -0.02019941 -0.15300218]
 [-0.02000679 -0.02157266 -0.99956708  0.27700048]
 [ 0.          0.          0.          1.        ]]
T_base2EE [[-0.00918037  0.99972901 -0.02139241  0.62101414]
 [ 0.9997577   0.0087484  -0.02019941 -0.15300218]
 [-0.02000679 -0.02157266 -0.99956708  0.27700048]
 [ 0.          0.          0.          1.        ]]
Method: 0
The results for method 0 are:
R_cam2gripper: [[ 0.23717007 -0.95431409  0.18175525]
 [-0.95422803 -0.19375671  0.22783151]
 [-0.18220652 -0.22747077 -0.95658655]]
t_cam2gripper: [[ 0.18767778]
 [-0.17958888]
 [ 0.01179798]]
Method: 1
The results for method 1 are:
R_cam2gripper: [[ 0.27903627 -0.95957908  0.03669797]
 [-0.94423199 -0.26721494  0.19241136]
 [-0.17482767 -0.08834115 -0.98062792]]
t_cam2gripper: [[ 0.15508316]
 [-0.08386073]
 [ 0.03181974]]
Method: 2
The results for method 2 are:
R_cam2gripper: [[ 0.27903391 -0.95957991  0.03669434]
 [-0.94423302 -0.26721353  0.19240827]
 [-0.17482588 -0.08833644 -0.98062867]]
t_cam2gripper: [[ 0.15508173]
 [-0.08385566]
 [ 0.03182049]]
Method: 3
The results for method 3 are:
R_cam2gripper: [[ 0.26221045 -0.96084566 -0.08956165]
 [-0.95322587 -0.27235049  0.13109407]
 [-0.15035333  0.05099825 -0.98731609]]
t_cam2gripper: [[ 0.30754036]
 [-0.82793534]
 [-0.11901114]]
Method: 4
The results for method 4 are:
R_cam2gripper: [[ 0.18080699  0.93283404  0.31165605]
 [-0.97598824  0.20931365 -0.06028891]
 [-0.12147341 -0.29327198  0.94828042]]
t_cam2gripper: [[  3.42948579]
 [-15.43461927]
 [ -2.47657868]]
The results for method using calibrateRobotWorldHandEye 4 are:
R_cam2gripper: [[ 0.27906511 -0.95956969  0.03672428]
 [-0.94423484 -0.26724354  0.19235762]
 [-0.17476622 -0.08835665 -0.98063748]]
t_cam2gripper: [[ 0.12282908]
 [-0.09753307]
 [ 0.04831654]]
The results for method using calibrateRobotWorldHandEye 5 are:
R_cam2gripper: [[ 0.22955219 -0.96940665 -0.08692835]
 [-0.95240123 -0.24213358  0.18521128]
 [-0.20059332  0.04027501 -0.97884638]]
t_cam2gripper: [[ 0.33527991]
 [-0.8320202 ]
 [-0.18477532]]
